------ Genetic Algorithm (with memory) vs Random -----
		board:
 [[ 1  1 -1  0  0]
 [ 1  1 -1  0  1]
 [-1  1  0  0  0]
 [-1  0 -1  0  0]
 [ 1  0  1  0  0]]
		board:
 [[ 1  1  0  1  0]
 [ 1  1 -1 -1  0]
 [ 1  1  1 -1  0]
 [ 0  1 -1  1  0]
 [ 1  0  0  1  0]]
		board:
 [[ 0  0  0  0  0]
 [ 1 -1 -1 -1 -1]
 [ 1  0 -1 -1 -1]
 [ 1 -1 -1 -1 -1]
 [ 1 -1 -1 -1  1]]
		board:
 [[ 0 -1  0  1  0]
 [-1 -1 -1 -1  0]
 [-1 -1 -1 -1  0]
 [ 1  1 -1 -1  0]
 [ 0  1 -1  1  0]]
		board:
 [[ 0  0  0  0  0]
 [-1 -1 -1 -1 -1]
 [-1 -1 -1 -1 -1]
 [-1 -1 -1 -1 -1]
 [ 1 -1  1  1  1]]
		board:
 [[-1 -1  1  1  0]
 [-1 -1 -1 -1  0]
 [-1 -1  1  0  0]
 [-1 -1 -1 -1  0]
 [-1 -1 -1 -1  0]]
		board:
 [[-1 -1 -1 -1  0]
 [-1 -1 -1 -1  0]
 [-1 -1 -1 -1  0]
 [-1 -1 -1 -1  0]
 [ 1  1  1  1  0]]
		board:
 [[ 1  0 -1  1  0]
 [ 1 -1 -1 -1  0]
 [-1 -1 -1 -1  0]
 [-1 -1 -1 -1  0]
 [-1 -1  1  1  0]]
		board:
 [[ 0  0  0  0  0]
 [-1 -1 -1 -1  0]
 [-1 -1 -1 -1  1]
 [-1 -1 -1 -1  0]
 [ 1 -1 -1 -1  1]]
		board:
 [[ 1 -1  1  1  0]
 [-1 -1 -1  1  0]
 [-1 -1 -1 -1  0]
 [ 1 -1 -1 -1  0]
 [ 1 -1 -1  0  0]]
Genetic Player winrate: 100.00% against Random Player

------ Genetic Algorithm (without memory) vs Random -----
		board:
 [[ 0  0  1  1  1]
 [ 0 -1 -1 -1 -1]
 [ 0 -1 -1 -1 -1]
 [ 0  1 -1 -1 -1]
 [ 0  1 -1 -1 -1]]
		board:
 [[-1 -1 -1 -1  0]
 [-1 -1 -1  1  0]
 [-1 -1 -1  0  0]
 [-1 -1 -1  1  0]
 [ 1 -1  1  1  0]]
		board:
 [[ 0  0  0  0  0]
 [ 1 -1 -1  0  0]
 [-1 -1  1  1  1]
 [-1 -1  1  0  0]
 [-1  0  1  1  0]]
		board:
 [[ 0  1 -1  1  1]
 [ 0 -1 -1 -1 -1]
 [ 0 -1 -1 -1 -1]
 [ 0 -1 -1 -1  1]
 [ 0 -1  1 -1 -1]]
		board:
 [[ 0  0  0  0  0]
 [ 1 -1 -1 -1 -1]
 [ 1 -1 -1 -1 -1]
 [-1 -1 -1 -1 -1]
 [ 1  0  1 -1 -1]]
		board:
 [[ 0  1 -1  0  0]
 [ 1 -1 -1 -1  0]
 [-1 -1 -1  1  0]
 [ 1 -1 -1 -1  0]
 [ 1 -1 -1  1  0]]
		board:
 [[ 0  0  0  0  0]
 [ 1 -1 -1 -1 -1]
 [ 1 -1 -1 -1 -1]
 [ 0 -1 -1 -1 -1]
 [ 1 -1 -1 -1  1]]
		board:
 [[ 1  1 -1 -1  1]
 [ 0 -1 -1 -1  1]
 [ 1 -1 -1  1  1]
 [ 0  0 -1  0  1]
 [ 0  0  0  0  0]]
		board:
 [[ 1 -1 -1 -1  0]
 [ 1 -1 -1 -1 -1]
 [-1 -1 -1 -1  1]
 [ 1  0 -1 -1  1]
 [ 0  0  0  0  0]]
		board:
 [[ 0  1  1  1  1]
 [ 0 -1 -1 -1 -1]
 [ 0 -1 -1 -1 -1]
 [ 0 -1 -1 -1  1]
 [ 0  0  0  1  1]]
Genetic Player winrate: 100.00% against Random Player

------ Genetic Algorithm (with memory) vs Genetic Algorithm (without memory) -----
		board:
 [[ 1  0  0  0  0]
 [ 1 -1 -1 -1 -1]
 [ 1 -1 -1 -1 -1]
 [ 1 -1 -1 -1 -1]
 [ 1  0 -1 -1 -1]]
		board:
 [[-1 -1  1 -1  0]
 [-1 -1 -1  0  0]
 [-1  0 -1  1  0]
 [-1 -1  0  1  0]
 [ 1  1  1  1  0]]
		board:
 [[ 1 -1 -1 -1  0]
 [ 1  0  1  1  0]
 [-1 -1 -1 -1  0]
 [-1 -1 -1  1  0]
 [-1 -1 -1 -1  0]]
		board:
 [[ 0 -1  0  0  0]
 [ 1 -1 -1 -1 -1]
 [ 1 -1 -1 -1 -1]
 [ 0 -1 -1 -1 -1]
 [ 1  1  1  1  1]]
		board:
 [[ 0  0  0  0  0]
 [-1 -1 -1 -1 -1]
 [-1 -1 -1 -1 -1]
 [-1 -1 -1 -1 -1]
 [ 1  1  1 -1  1]]
		board:
 [[ 1  0 -1 -1  0]
 [ 0 -1 -1 -1  0]
 [-1 -1 -1  1  0]
 [-1 -1 -1 -1  0]
 [ 1  1  1  1  0]]
		board:
 [[-1 -1 -1  0  1]
 [-1 -1 -1  0  1]
 [-1 -1 -1 -1  1]
 [ 0 -1 -1 -1  1]
 [ 0 -1 -1  0  1]]
		board:
 [[ 1 -1 -1 -1  0]
 [ 1 -1 -1 -1  0]
 [ 1 -1 -1 -1 -1]
 [ 1 -1 -1 -1  0]
 [ 1  0 -1 -1  0]]
		board:
 [[ 0  0  0  0  0]
 [-1 -1 -1 -1 -1]
 [-1 -1 -1 -1 -1]
 [-1 -1 -1 -1 -1]
 [ 1  1  1 -1  1]]
		board:
 [[ 0  0  0  0  0]
 [ 1  0  1  1  1]
 [-1 -1  0  1 -1]
 [-1 -1 -1 -1  1]
 [ 0 -1 -1 -1  1]]
Genetic Player winrate: 60.00% against Genetic Player (without memory)

Time elapsed: 0.81
